3089734166,
7,1,1-,6,1,5,4,6,5,9,7,7,9,3,9,6,1,3,7,2,1,1,1,21,5,9,9,1,4,2,21,2,8,6,8,2,8
548645881,
2,9,1-,5,2,3,1-,2,7,8,5,7,7,6,1,9,6,9,3,2,21,4,3,3,4,5,4,2,21,1,2,5,2,3,2,21,4
493660170,
6 ,5 ,1-,2 ,1-,1-,1-,4 ,1 ,7 ,2 ,1-,21,5 ,1 ,3 ,3 ,2 ,8 ,8 ,21,2 ,2 ,4 ,8 ,9 ,2 ,8 ,7 ,4 ,2 ,1 ,2 ,9 ,8 ,5 ,1
2511538661,
2 ,21,9 ,2 ,4 ,3 ,7 ,2 ,3 ,3 ,1 ,6 ,8 ,1 ,8 ,1-,3 ,8 ,6 ,7 ,1 ,2 ,4 ,2 ,8 ,8 ,2 ,1 ,7 ,9 ,9 ,8 ,21,4 ,2 ,6 ,8
410641625,
8 ,8 ,8 ,8 ,2 ,2 ,8 ,6 ,6 ,7 ,8 ,5 ,4 ,5 ,4 ,8 ,1 ,5 ,8 ,1 ,9 ,9 ,8 ,5 ,1 ,1 ,8 ,8 ,5 ,1-,1 ,8 ,7 ,21,2 ,6 ,7
4173562624,
5 ,3 ,2 ,2 ,21,5 ,3 ,2 ,9 ,21,6 ,4 ,4 ,7 ,4 ,5 ,21,2 ,4 ,8 ,1 ,7 ,21,21,2 ,8 ,3 ,8 ,2 ,9 ,1-,21,5 ,3 ,2 ,3 ,9
101343450,
1-,6 ,7 ,3 ,2 ,5 ,21,2 ,5 ,8 ,1-,4 ,3 ,9 ,3 ,21,3 ,5 ,9 ,4 ,21,2 ,9 ,3 ,4 ,9 ,8 ,5 ,6 ,6 ,6 ,21,5 ,7 ,1 ,5 ,21
4172062681,
4 ,3 ,6 ,8 ,9 ,1-,7 ,5 ,1-,9 ,4 ,2 ,3 ,2 ,9 ,6 ,7 ,7 ,2 ,5 ,7 ,2 ,21,21,1 ,21,6 ,2 ,1-,2 ,2 ,1 ,9 ,9 ,2 ,21,1 
484159381,
2 ,21,1-,8 ,7 ,2 ,2 ,2 ,21,1-,3 ,2 ,21,5 ,3 ,9 ,1-,5 ,4 ,3 ,4 ,7 ,3 ,8 ,9 ,9 ,3 ,1-,1-,6 ,2 ,21,6 ,2 ,1 ,2 ,21
2453067131,
8 ,3 ,7 ,9 ,6 ,2 ,1 ,21,7 ,21,2 ,3 ,8 ,2 ,1 ,8 ,5 ,2 ,6 ,21,1 ,6 ,7 ,6 ,9 ,7 ,1-,2 ,1-,3 ,1-,7 ,8 ,2 ,8 ,4 ,7 
1510506449,
2 ,4 ,5 ,6 ,9 ,2 ,2 ,2 ,9 ,9 ,21,8 ,21,8 ,6 ,2 ,21,2 ,8 ,5 ,5 ,7 ,6 ,6 ,4 ,6 ,2 ,6 ,1 ,2 ,8 ,21,7 ,7 ,4 ,2 ,6 
1873147835,
1 ,7 ,21,5 ,1-,2 ,7 ,9 ,2 ,5 ,3 ,21,7 ,9 ,4 ,3 ,21,5 ,1-,9 ,4 ,7 ,4 ,1 ,6 ,3 ,4 ,2 ,2 ,8 ,5 ,4 ,7 ,4 ,9 ,2 ,7 
3601542731,
8 ,6 ,7 ,5 ,4 ,21,5 ,6 ,6 ,5 ,21,1 ,7 ,6 ,2 ,9 ,2 ,9 ,4 ,21,9 ,4 ,2 ,7 ,5 ,6 ,9 ,2 ,1-,4 ,1-,4 ,21,2 ,8 ,6 ,6 
3057921650,
9 ,1-,6 ,5 ,21,1 ,2 ,7 ,3 ,9 ,1 ,2 ,2 ,9 ,5 ,4 ,1 ,1-,4 ,1-,6 ,4 ,9 ,6 ,6 ,3 ,8 ,7 ,1-,2 ,1-,2 ,8 ,4 ,1 ,9 ,3 
2224213265,
8 ,2 ,21,9 ,9 ,9 ,4 ,3 ,2 ,7 ,2 ,6 ,5 ,1 ,1 ,7 ,6 ,6 ,8 ,3 ,9 ,5 ,7 ,3 ,9 ,1 ,21,21,9 ,21,2 ,7 ,21,1 ,9 ,8 ,21
1316645479,
2 ,1-,1 ,9 ,2 ,4 ,2 ,6 ,9 ,5 ,1 ,4 ,8 ,2 ,1-,2 ,7 ,7 ,9 ,5 ,9 ,3 ,4 ,2 ,3 ,1 ,5 ,2 ,7 ,8 ,5 ,2 ,1-,5 ,8 ,2 ,21
1560217675,
8 ,1 ,5 ,7 ,6 ,4 ,7 ,6 ,8 ,1 ,3 ,21,2 ,3 ,4 ,1 ,9 ,9 ,2 ,6 ,3 ,9 ,21,3 ,5 ,4 ,2 ,2 ,2 ,3 ,2 ,5 ,2 ,21,5 ,4 ,4 
1316442652,
1 ,2 ,3 ,6 ,4 ,5 ,3 ,5 ,7 ,9 ,6 ,1 ,9 ,9 ,8 ,9 ,5 ,9 ,9 ,4 ,7 ,21,1 ,6 ,5 ,9 ,3 ,3 ,8 ,21,3 ,5 ,5 ,7 ,9 ,1-,4 
564103067,
3 ,21,4 ,3 ,2 ,2 ,2 ,1 ,2 ,9 ,8 ,2 ,7 ,3 ,21,2 ,7 ,21,2 ,2 ,2 ,4 ,3 ,9 ,9 ,2 ,5 ,2 ,1 ,2 ,8 ,3 ,1 ,5 ,1 ,2 ,9 
3804382064,
4 ,5 ,1 ,7 ,5 ,5 ,9 ,7 ,2 ,1-,7 ,2 ,8 ,6 ,6 ,2 ,21,1 ,5 ,8 ,6 ,2 ,3 ,7 ,21,8 ,5 ,3 ,2 ,5 ,1 ,7 ,21,1-,1 ,6 ,6 
362719464,
9 ,2 ,7 ,6 ,21,7 ,21,3 ,3 ,3 ,2 ,9 ,5 ,6 ,2 ,2 ,6 ,6 ,9 ,7 ,2 ,6 ,6 ,7 ,8 ,3 ,4 ,3 ,8 ,9 ,2 ,8 ,7 ,21,4 ,6 ,3 
666487982,
2 ,2 ,2 ,4 ,1 ,2 ,9 ,4 ,1 ,2 ,5 ,8 ,6 ,21,3 ,4 ,2 ,4 ,7 ,5 ,2 ,5 ,7 ,7 ,8 ,7 ,4 ,8 ,2 ,21,5 ,2 ,7 ,1-,2 ,1 ,21
3042788364,
6 ,7 ,3 ,5 ,8 ,3 ,9 ,2 ,2 ,8 ,7 ,1 ,8 ,9 ,4 ,4 ,21,9 ,7 ,4 ,6 ,2 ,3 ,5 ,6 ,1 ,2 ,9 ,7 ,21,9 ,21,9 ,21,9 ,4 ,21
1133806745,
6 ,3 ,21,2 ,3 ,8 ,9 ,7 ,21,3 ,3 ,9 ,7 ,8 ,9 ,5 ,2 ,1 ,21,8 ,2 ,9 ,4 ,3 ,9 ,2 ,1 ,9 ,8 ,6 ,8 ,7 ,7 ,2 ,6 ,4 ,7 
1260520335,
21,1-,1-,1-,4 ,4 ,8 ,6 ,2 ,9 ,1 ,2 ,9 ,2 ,5 ,21,4 ,4 ,5 ,8 ,5 ,8 ,3 ,7 ,1 ,9 ,3 ,2 ,6 ,8 ,1 ,8 ,4 ,8 ,1 ,2 ,9 
3846505367,
2 ,8 ,1 ,9 ,4 ,21,6 ,7 ,4 ,4 ,1 ,8 ,9 ,5 ,6 ,21,9 ,9 ,5 ,1 ,8 ,2 ,5 ,5 ,21,8 ,9 ,2 ,8 ,9 ,1 ,4 ,4 ,8 ,2 ,7 ,7 
1741122455,
2 ,1-,3 ,8 ,9 ,6 ,2 ,1 ,8 ,2 ,3 ,8 ,6 ,1 ,2 ,9 ,1 ,5 ,2 ,2 ,9 ,4 ,6 ,7 ,21,5 ,9 ,2 ,1 ,21,6 ,7 ,8 ,2 ,7 ,6 ,1 
994889586,
6 ,1-,2 ,5 ,2 ,21,1 ,21,5 ,8 ,21,8 ,3 ,5 ,5 ,8 ,3 ,8 ,6 ,2 ,8 ,4 ,8 ,2 ,1 ,1 ,21,21,2 ,4 ,4 ,8 ,1 ,21,7 ,5 ,5 
1099601295,
3 ,2 ,21,5 ,6 ,9 ,6 ,3 ,4 ,7 ,4 ,2 ,2 ,9 ,4 ,2 ,21,2 ,2 ,5 ,1 ,2 ,1 ,8 ,6 ,1 ,2 ,9 ,7 ,2 ,6 ,5 ,3 ,1 ,8 ,2 ,9 
3510712035,
3 ,5 ,8 ,9 ,4 ,2 ,3 ,9 ,2 ,3 ,6 ,2 ,8 ,1 ,21,2 ,5 ,3 ,8 ,1 ,1 ,7 ,2 ,2 ,1 ,2 ,21,21,6 ,6 ,21,6 ,5 ,2 ,2 ,7 ,1 
3238090561,
9 ,21,3 ,2 ,8 ,7 ,6 ,2 ,1 ,21,2 ,8 ,7 ,5 ,6 ,4 ,21,2 ,7 ,9 ,1 ,6 ,7 ,4 ,3 ,7 ,8 ,4 ,2 ,1-,3 ,6 ,1 ,1 ,2 ,3 ,1 
959928024,
2 ,1-,6 ,1-,21,2 ,21,4 ,21,21,2 ,7 ,8 ,5 ,4 ,2 ,3 ,2 ,2 ,7 ,3 ,9 ,7 ,3 ,8 ,6 ,6 ,7 ,2 ,8 ,9 ,21,2 ,9 ,4 ,6 ,3
2318497724,
3 ,1-,5 ,7 ,21,5 ,6 ,1 ,7 ,5 ,2 ,4 ,1 ,3 ,4 ,1 ,2 ,6 ,2 ,2 ,2 ,6 ,5 ,1 ,3 ,7 ,4 ,8 ,3 ,7 ,2 ,3 ,8 ,21,4 ,4 ,6
1510725376,
9 ,8 ,3 ,8 ,1 ,7 ,9 ,2 ,2 ,4 ,21,5 ,9 ,1 ,7 ,8 ,7 ,21,2 ,21,4 ,2 ,21,6 ,21,8 ,7 ,7 ,8 ,3 ,3 ,9 ,21,2 ,2 ,8 ,4
492977437,
21,2 ,8 ,4 ,8 ,21,6 ,4 ,7 ,21,9 ,6 ,1 ,2 ,2 ,21,2 ,4 ,4 ,2 ,21,21,21,9 ,7 ,5 ,21,3 ,21,2 ,8 ,1 ,7 ,1 ,5 ,2 ,2
514078817,
4 ,6 ,2 ,3 ,5 ,8 ,9 ,4 ,5 ,2 ,2 ,8 ,2 ,21,5 ,7 ,3 ,3 ,9 ,3 ,9 ,9 ,3 ,6 ,6 ,6 ,3 ,7 ,3 ,9 ,7 ,4 ,1 ,8 ,2 ,1 ,3
3057799206,
6 ,5 ,2 ,6 ,21,4 ,2 ,4 ,4 ,1 ,4 ,3 ,2 ,2 ,2 ,21,6 ,4 ,2 ,2 ,1 ,2 ,9 ,7 ,21,1-,21,4 ,3 ,21,6 ,2 ,9 ,5 ,9 ,1 ,21
1340957295,
0,0
622748385,
63,63
2764430080,
dne
548645881,
2,9,1-,5,2,3,1-,2,7,8,5,7,7,6,1,9,6,9,3,2,21,4,3,3,4,5,4,2,21,1,2,5,2,3,2,21,4
493660170,
6 ,5 ,1-,2 ,1-,1-,1-,4 ,1 ,7 ,2 ,1-,21,5 ,1 ,3 ,3 ,2 ,8 ,8 ,21,2 ,2 ,4 ,8 ,9 ,2 ,8 ,7 ,4 ,2 ,1 ,2 ,9 ,8 ,5 ,1
2511538661,
2 ,21,9 ,2 ,4 ,3 ,7 ,2 ,3 ,3 ,1 ,6 ,8 ,1 ,8 ,1-,3 ,8 ,6 ,7 ,1 ,2 ,4 ,2 ,8 ,8 ,2 ,1 ,7 ,9 ,9 ,8 ,21,4 ,2 ,6 ,8
410641625,
8 ,8 ,8 ,8 ,2 ,2 ,8 ,6 ,6 ,7 ,8 ,5 ,4 ,5 ,4 ,8 ,1 ,5 ,8 ,1 ,9 ,9 ,8 ,5 ,1 ,1 ,8 ,8 ,5 ,1-,1 ,8 ,7 ,21,2 ,6 ,7
4173562624,
5 ,3 ,2 ,2 ,21,5 ,3 ,2 ,9 ,21,6 ,4 ,4 ,7 ,4 ,5 ,21,2 ,4 ,8 ,1 ,7 ,21,21,2 ,8 ,3 ,8 ,2 ,9 ,1-,21,5 ,3 ,2 ,3 ,9
101343450,
1-,6 ,7 ,3 ,2 ,5 ,21,2 ,5 ,8 ,1-,4 ,3 ,9 ,3 ,21,3 ,5 ,9 ,4 ,21,2 ,9 ,3 ,4 ,9 ,8 ,5 ,6 ,6 ,6 ,21,5 ,7 ,1 ,5 ,21
4172062681,
4 ,3 ,6 ,8 ,9 ,1-,7 ,5 ,1-,9 ,4 ,2 ,3 ,2 ,9 ,6 ,7 ,7 ,2 ,5 ,7 ,2 ,21,21,1 ,21,6 ,2 ,1-,2 ,2 ,1 ,9 ,9 ,2 ,21,1 
484159381,
2 ,21,1-,8 ,7 ,2 ,2 ,2 ,21,1-,3 ,2 ,21,5 ,3 ,9 ,1-,5 ,4 ,3 ,4 ,7 ,3 ,8 ,9 ,9 ,3 ,1-,1-,6 ,2 ,21,6 ,2 ,1 ,2 ,21
2453067131,
8 ,3 ,7 ,9 ,6 ,2 ,1 ,21,7 ,21,2 ,3 ,8 ,2 ,1 ,8 ,5 ,2 ,6 ,21,1 ,6 ,7 ,6 ,9 ,7 ,1-,2 ,1-,3 ,1-,7 ,8 ,2 ,8 ,4 ,7 
1510506449,
2 ,4 ,5 ,6 ,9 ,2 ,2 ,2 ,9 ,9 ,21,8 ,21,8 ,6 ,2 ,21,2 ,8 ,5 ,5 ,7 ,6 ,6 ,4 ,6 ,2 ,6 ,1 ,2 ,8 ,21,7 ,7 ,4 ,2 ,6 
1873147835,
1 ,7 ,21,5 ,1-,2 ,7 ,9 ,2 ,5 ,3 ,21,7 ,9 ,4 ,3 ,21,5 ,1-,9 ,4 ,7 ,4 ,1 ,6 ,3 ,4 ,2 ,2 ,8 ,5 ,4 ,7 ,4 ,9 ,2 ,7 
3601542731,
8 ,6 ,7 ,5 ,4 ,21,5 ,6 ,6 ,5 ,21,1 ,7 ,6 ,2 ,9 ,2 ,9 ,4 ,21,9 ,4 ,2 ,7 ,5 ,6 ,9 ,2 ,1-,4 ,1-,4 ,21,2 ,8 ,6 ,6 
3057921650,
9 ,1-,6 ,5 ,21,1 ,2 ,7 ,3 ,9 ,1 ,2 ,2 ,9 ,5 ,4 ,1 ,1-,4 ,1-,6 ,4 ,9 ,6 ,6 ,3 ,8 ,7 ,1-,2 ,1-,2 ,8 ,4 ,1 ,9 ,3 
2224213265,
8 ,2 ,21,9 ,9 ,9 ,4 ,3 ,2 ,7 ,2 ,6 ,5 ,1 ,1 ,7 ,6 ,6 ,8 ,3 ,9 ,5 ,7 ,3 ,9 ,1 ,21,21,9 ,21,2 ,7 ,21,1 ,9 ,8 ,21
1316645479,
2 ,1-,1 ,9 ,2 ,4 ,2 ,6 ,9 ,5 ,1 ,4 ,8 ,2 ,1-,2 ,7 ,7 ,9 ,5 ,9 ,3 ,4 ,2 ,3 ,1 ,5 ,2 ,7 ,8 ,5 ,2 ,1-,5 ,8 ,2 ,21
1560217675,
8 ,1 ,5 ,7 ,6 ,4 ,7 ,6 ,8 ,1 ,3 ,21,2 ,3 ,4 ,1 ,9 ,9 ,2 ,6 ,3 ,9 ,21,3 ,5 ,4 ,2 ,2 ,2 ,3 ,2 ,5 ,2 ,21,5 ,4 ,4 
1316442652,
1 ,2 ,3 ,6 ,4 ,5 ,3 ,5 ,7 ,9 ,6 ,1 ,9 ,9 ,8 ,9 ,5 ,9 ,9 ,4 ,7 ,21,1 ,6 ,5 ,9 ,3 ,3 ,8 ,21,3 ,5 ,5 ,7 ,9 ,1-,4 
564103067,
3 ,21,4 ,3 ,2 ,2 ,2 ,1 ,2 ,9 ,8 ,2 ,7 ,3 ,21,2 ,7 ,21,2 ,2 ,2 ,4 ,3 ,9 ,9 ,2 ,5 ,2 ,1 ,2 ,8 ,3 ,1 ,5 ,1 ,2 ,9 
3804382064,
4 ,5 ,1 ,7 ,5 ,5 ,9 ,7 ,2 ,1-,7 ,2 ,8 ,6 ,6 ,2 ,21,1 ,5 ,8 ,6 ,2 ,3 ,7 ,21,8 ,5 ,3 ,2 ,5 ,1 ,7 ,21,1-,1 ,6 ,6 
362719464,
9 ,2 ,7 ,6 ,21,7 ,21,3 ,3 ,3 ,2 ,9 ,5 ,6 ,2 ,2 ,6 ,6 ,9 ,7 ,2 ,6 ,6 ,7 ,8 ,3 ,4 ,3 ,8 ,9 ,2 ,8 ,7 ,21,4 ,6 ,3 
666487982,
2 ,2 ,2 ,4 ,1 ,2 ,9 ,4 ,1 ,2 ,5 ,8 ,6 ,21,3 ,4 ,2 ,4 ,7 ,5 ,2 ,5 ,7 ,7 ,8 ,7 ,4 ,8 ,2 ,21,5 ,2 ,7 ,1-,2 ,1 ,21
3042788364,
6 ,7 ,3 ,5 ,8 ,3 ,9 ,2 ,2 ,8 ,7 ,1 ,8 ,9 ,4 ,4 ,21,9 ,7 ,4 ,6 ,2 ,3 ,5 ,6 ,1 ,2 ,9 ,7 ,21,9 ,21,9 ,21,9 ,4 ,21
1133806745,
6 ,3 ,21,2 ,3 ,8 ,9 ,7 ,21,3 ,3 ,9 ,7 ,8 ,9 ,5 ,2 ,1 ,21,8 ,2 ,9 ,4 ,3 ,9 ,2 ,1 ,9 ,8 ,6 ,8 ,7 ,7 ,2 ,6 ,4 ,7 
1260520335,
21,1-,1-,1-,4 ,4 ,8 ,6 ,2 ,9 ,1 ,2 ,9 ,2 ,5 ,21,4 ,4 ,5 ,8 ,5 ,8 ,3 ,7 ,1 ,9 ,3 ,2 ,6 ,8 ,1 ,8 ,4 ,8 ,1 ,2 ,9 
3846505367,
2 ,8 ,1 ,9 ,4 ,21,6 ,7 ,4 ,4 ,1 ,8 ,9 ,5 ,6 ,21,9 ,9 ,5 ,1 ,8 ,2 ,5 ,5 ,21,8 ,9 ,2 ,8 ,9 ,1 ,4 ,4 ,8 ,2 ,7 ,7 
1741122455,
2 ,1-,3 ,8 ,9 ,6 ,2 ,1 ,8 ,2 ,3 ,8 ,6 ,1 ,2 ,9 ,1 ,5 ,2 ,2 ,9 ,4 ,6 ,7 ,21,5 ,9 ,2 ,1 ,21,6 ,7 ,8 ,2 ,7 ,6 ,1 
994889586,
6 ,1-,2 ,5 ,2 ,21,1 ,21,5 ,8 ,21,8 ,3 ,5 ,5 ,8 ,3 ,8 ,6 ,2 ,8 ,4 ,8 ,2 ,1 ,1 ,21,21,2 ,4 ,4 ,8 ,1 ,21,7 ,5 ,5 
1099601295,
3 ,2 ,21,5 ,6 ,9 ,6 ,3 ,4 ,7 ,4 ,2 ,2 ,9 ,4 ,2 ,21,2 ,2 ,5 ,1 ,2 ,1 ,8 ,6 ,1 ,2 ,9 ,7 ,2 ,6 ,5 ,3 ,1 ,8 ,2 ,9 
3510712035,
3 ,5 ,8 ,9 ,4 ,2 ,3 ,9 ,2 ,3 ,6 ,2 ,8 ,1 ,21,2 ,5 ,3 ,8 ,1 ,1 ,7 ,2 ,2 ,1 ,2 ,21,21,6 ,6 ,21,6 ,5 ,2 ,2 ,7 ,1 
3238090561,
9 ,21,3 ,2 ,8 ,7 ,6 ,2 ,1 ,21,2 ,8 ,7 ,5 ,6 ,4 ,21,2 ,7 ,9 ,1 ,6 ,7 ,4 ,3 ,7 ,8 ,4 ,2 ,1-,3 ,6 ,1 ,1 ,2 ,3 ,1 
959928024,
2 ,1-,6 ,1-,21,2 ,21,4 ,21,21,2 ,7 ,8 ,5 ,4 ,2 ,3 ,2 ,2 ,7 ,3 ,9 ,7 ,3 ,8 ,6 ,6 ,7 ,2 ,8 ,9 ,21,2 ,9 ,4 ,6 ,3
2318497724,
3 ,1-,5 ,7 ,21,5 ,6 ,1 ,7 ,5 ,2 ,4 ,1 ,3 ,4 ,1 ,2 ,6 ,2 ,2 ,2 ,6 ,5 ,1 ,3 ,7 ,4 ,8 ,3 ,7 ,2 ,3 ,8 ,21,4 ,4 ,6
1510725376,
9 ,8 ,3 ,8 ,1 ,7 ,9 ,2 ,2 ,4 ,21,5 ,9 ,1 ,7 ,8 ,7 ,21,2 ,21,4 ,2 ,21,6 ,21,8 ,7 ,7 ,8 ,3 ,3 ,9 ,21,2 ,2 ,8 ,4
492977437,
21,2 ,8 ,4 ,8 ,21,6 ,4 ,7 ,21,9 ,6 ,1 ,2 ,2 ,21,2 ,4 ,4 ,2 ,21,21,21,9 ,7 ,5 ,21,3 ,21,2 ,8 ,1 ,7 ,1 ,5 ,2 ,2
514078817,
4 ,6 ,2 ,3 ,5 ,8 ,9 ,4 ,5 ,2 ,2 ,8 ,2 ,21,5 ,7 ,3 ,3 ,9 ,3 ,9 ,9 ,3 ,6 ,6 ,6 ,3 ,7 ,3 ,9 ,7 ,4 ,1 ,8 ,2 ,1 ,3
3057799206,
6 ,5 ,2 ,6 ,21,4 ,2 ,4 ,4 ,1 ,4 ,3 ,2 ,2 ,2 ,21,6 ,4 ,2 ,2 ,1 ,2 ,9 ,7 ,21,1-,21,4 ,3 ,21,6 ,2 ,9 ,5 ,9 ,1 ,21
1340957295,
0,0
622748385,
63,63
2764430080,
dne
